sobel
    1
    0,9994634931473443
    0,9802345998146613
    0,7198377473215302
    0,7212399811409712
    0,5372100017883562

prewitt
    0,9994634931473443
    1
    0,9802508575980751
    0,7198133606464094
    0,7212806255995058
    0,5372181306800631

roberts
    0,9802345998146613
    0,9802508575980751
    1
    0,7271334276284771
    0,7264384073875367
    0,5497325594628428

laplacian
    0,7198377473215302
    0,7198133606464094
    0,7271334276284771
    1
    0,8252735372059373
    0,6691744297582468

blurredlaplacian
    0,7212399811409712
    0,7212806255995058
    0,7264384073875367
    0,8252735372059373
    1
    0,6307857386723894

canny
    0,5372100017883562
    0,5372181306800631
    0,5497325594628428
    0,6691744297582468
    0,6307857386723894
    1
